120
120
000000000000000000010100000000000000000000001100011000000000000000000010100000000000110100001000010000000000000000000000
000000000000000000100001100000000000000111001100011000011000000000000000000000001000010100001000010000000000001100000000
000000100000000000100011111000000000000001000000000000101100000000001000100000010000100000000000001000000010001100000000
000011100000000000100011011000111000001001000000000001100000000000001011000000100111000000000000001110001100000000000000
011001000000110001101100010110001000001110000000000000000000000000000011000000111110000000000000010001000011110000000000
011011000001110001101100001110011001011000000000000000010000000001111001100000011100000000000000000001000000100000000000
011011000111000000111000001001100000000000000000000000000011100111100000101100000000000000000000000001000001110000000000
000100000101000000000000000011000001010010000110000000000011001000010011001100000000000000000000000001000000001100000000
000000001001000000000000001100000000000010000110000000000010001010010000110100001000000000000001100001000001101100001110
000000011000100011111111111111111001100010000101000000100011000111110111000000001000000000000001100000000001100010010000
000000010001000011111111111111111010010000000000001001100000000011000000011100001000000000000000000000000000100100001001
000000000010000011111111111111111000000011100000010000000000000010000000110100000000001111111111111111100000010010001101
110000000000000011111111111111111010000111100000010001110000000010010000000100000011001111111111111111100000000110001001
110000000000000011111111111111111010000000100000001101010000000010001000000000000011001111111111111111100000001101000110
000000010000000011111111111111111000101001000000000000000001000011000000000010000000001111111111111111100000001111100000
000000111000000111111111111111111111011001000000000110000000001100101010100000000000001111111111111111100000001101110000
000000110100000011111111111111111010001001000000000000000000000000000001000000011000111111111111111111100000000011100000
000000001110000011111111111111111000000110000000000000000000000000000000011101101110011111111111111111100000000000000000
000000001100000011111111111111111000111110000000000000000000000000000000010011001000011111111111111111100110000000000010
000000000000000011111111111111111111010000000000001100000000000011000000011100011000001111111111111111101001000000000111
000011000000000011111111111111111110100001111000010010000000000100100000001100100100101111111111111111100100100010001001
000011000000000011111111111111111000100001100100010010011100000110001100000000100110001111111111111111101000100101010010
000000000000000011111111111111111011100001110000010001100000000010001011000110011000001111111111111111111000000000010000
010000000000000011111111111111111001000000101000000001000001100000001011000111000000001111111111111111110110111101010010
100100000000001111111111111111111100000000110000000000000011000000101000100000000000001111111111111111100000000010010110
100000000000000111111111111111111000000001101000001001110000100000101111000000000000001111111111111111111110100000011000
101000010000000011000001100001100000000010000000010110000000000000011110001000000000001111111111111111111110000000000010
101000101000001111000001100010100010000011010100101110000000000000000000011100000000001111111111111111111000000010000100
010001000000000100000000000000000000000010000000000000000000000110000001000100000000111000000001101100111000001001001010
000001000000000010000000001100111110000100000000000000000000000110000001001000111111111111111111000111000011101110000100
000000011001010110000011001100110001110000000000000000000000000000000001001000111111111111111111101101111111100100000110
000000001111010000000001100110100001000000000000000000001000000000000000000000111111111111111111100100101110000000000111
001000001100000000000000011100100011110000000000000100000100000000000000000000111111111111111110000011000000000000000111
110100001100000000000000011001100110010000000100001000000100000000000000000001111111111111111110100011011000001000000011
001000000100000000000000011111101101000000011110000000010100000000000000000011111111111111111111000001001000001000100000
000001111010000000000000011001000110000000110010000001001010000110001010000101111111111111111110000000001000000000011001
000000000010000001000000001110000010001001000010000100111010001011001010110100111111111111111110000000100000000000010111
000000000010000110000000000100000010001001000100000001000010000101100001010001111111111111111110100000000000000000000110
000000000000000011000000000000000000110010000000000001101000000001101011110001111111111111111110110000000000000000000100
000000000000000000000000000000000000011101010000000001001000000000101010010001111111111111111110010000000000000001011100
000010011000000000000000000000000000001000000000000000011010000000000100010110111111111111111111100000000000000001101000
000001110001000000010000001101100100000101000000000111011100000000000000000000111111111111111111000000100000000000001000
000000000000000000101000000010001001000000000000000111001010000000000100000010111111111111111110000000100000000010000100
000001000000010000100100000000000110000000000000000110000000000000011100000010111111111111111110000000100000000101010000
000010011100010000011000000000000000000000010000000100000000000111000010001000111111111111111111000000000000000010101000
000011001001010000000000000000000000000001101000000100100000000100101100000010111111111111111111000000000000000000111000
000011011100000000000000000000000000100001101100000011000000001111100000000111001000110000000001000000000000000000000000
000011011100000000000000000100000000010010001000000010010000000000000001011110001001001000011000000000000000000000000000
110011100010000000000000000100001110000010001000000011111100000000000001110100100000001001100010000000000000000000111000
101011010001001000000000000000011100000001110000000111110010000000000001011000000001010001000000000000000000000000000000
101101010000011110000000000000001100000000000000001100001101000000000000110001000000000000000000000000000000000011000000
010101000000101111100100000000000000000000000000001110000001000000000000000110000111000001010110000000000000000011100000
001101001000110000001010000000000000000000000000000101010011000000000000000001000000110001101100000000000000000001000000
000010100110110110101100000000000000000000000000000000100010000000000000000000001001000000000000000000000011100000000000
000000010010101010000000000000001000000000000000000000001000000010000000000001111101100000100000000011111101111000000000
000100010001101000000000000000011000001101100000001000110000000101000000000000010001011000000000110000011101011000000000
000110000011001000001000000000010000001110111111111111111110000001000000000011101100011000000000000100000100010100000000
011011000011101001101111000000000000001001111111111111111110110100000000000010011101100000101000000010100100011100000000
001100000101000101001111000000000000000110111111111111111111111100001111100001110001000000111000010100000011111000000000
000000000110000101000001000000000000000100111111111111111111100000011110100000001101101100000110111000000001110000000000
011000000000000101000000011000000010000011111111111111111110000101010101000000001110100000000101011000001000010000000000
010000000000001001000011110000000011000000111111111111111110000110100001000000001100000100000101100000001000100101000000
001111011000001000000000100100000001000000111111111111111110000010100011000000000101101000000011000000001000101110100000
000100011100000101000001000110000000000000111111111111111110000001001010100001100010011000010010000000000000010101100000
000001000100000000000001000010000010000000111111111111111110000010001001110001100011000000110000000000000000001001100000
000000100100000000001101011000100100000000111111111111111110100010000001110000000100011000010000000000000000000000000000
011000011000000000000110100000100001000000111111111111111110010010000011000000000001000000000000000000000000000001011000
101000000000000000110100001000011111100001111111111111111110010001100001000000000101000000000110000000000000000011111000
000011111000000000000001000000001100011110111111111111111110111100011010000000000000000000111101000000000000000011000000
110010000010000000001111000001011000001101111111111111111110000110000100000000100000000001011101000010000000000001000000
000011000001000000000111000110000001100100111111111111111110001001000000000000100011100001001010100101001000000011100000
000000001010000111110000000000000001001000111111111111111110011000000000000101000011100001110001100011110011110001100010
000000001010001011111000000000000001101100111111111111111110111010000000001001001100000000000000000111010001001101100101
000000001100011010010000111000000010110001100000011001001000100010111000010001001100000000000001000010010001101010111111
000000001100001010000110011000000100100001000000000000100100111000001000010000000000000000000000000011001000100001000011
001000000000000110001110001000000011100000001110000000111000000000000100010010000000000000000000010010000000000101100100
011100000000000000001100001000000011100100000000000000000000001000001000001000000000000000000000000000000010011101100011
011010000011000000000111000000000001000000000010000000000000001000010000000001000000000000000000000000000001101100011100
010010000011010000000111101000000010000010011000000001000000000100100000000110000000001110000000000000000000000000000000
011100011100011000000111101000000010000000101000000010100000000000000000111000000000000010110000000000000000000000000000
011000010100000000000111000100100010101000010000000000011000000000000000001000000000001001011000000000000000000000001110
000000010110000000000100110100000001110110101000000000011100010000000001000000000000000000001000000000000000000000010001
000000000100000000000000001000100110110111110000000000001100011000000000000000000000000001101100000000000000000000100000
000000001100000000000001111110000001001111001000000010010000011000000000010100001000000000001000000000000000000000000000
000000000000000000100000000000000000000011010000000001011010000000000000010010010000011000011000110000000000000001000000
001000000001011111010000000000000000000010000000000000001111000000000000100001100000100100100000110000000000000000100010
011110100010100110010000000000000000000000000000000001111001100000011101000001100000101100000000000000011100000000110100
010011100010010100100000010000000000000000000000000001101111000000010010101100100100101100000000000000000011000011100000
001110000001010010000000011000001000000011000000000000101110010000100100000000011011110101110000000000011000000000010000
011001110000110101000000100100100100000100100000000000000000010000100011110000000001000111110000000000000000010011011000
010011010000000011000001100100100010000101000000000000000000110000110110110000001101100010010000000000000000010010010000
000011000000000010000001101100000010000010000000000000000000010000111110110101001000000001100000000000001101000000010000
001000001100000000000000000000100001000000000000000000010010101000111000000101001000100001000000011000000011100010000010
001110101100000000000001101100000001000000000010000000111000001000011000000000000101000011100000010100000000000010100101
000001000100000000000010001100010000100000000001100000101000000100000100001001000010000101110000010010000000000001110000
000101000000000000000000000000010001000011100011100000111000011000010110010010000000001100011000000000000000001110101111
001101100000000000000000010000000100000000100000100000010111111000100001011000000101001011100000000001100000111001101010
000000110000000000000000000000001000000001110000000000001011000111110101110000000000001000111100000101100000000000000100
001011100001000000000000000000101000000000011001000000000000000111001000100000001001000011001100000000001110101000110011
110000010001000000000000000000110000000000110101000100000000001001000000001000010010000110000000101000001100000100111100
010101000001000001000000000000101000000000010000011000000000000010000000011100001100000000000001001100101001100100111010
000001101000000010100000000001111110000000010000010000000000001001000000001100000000011000000000001100011001101110000110
001110000000000100010000000000001110000000001000010000000000011111000000001000000000000000000000000000000000000000000110
000000000000000010100000000010000001010000000000000000000000111110000001010000000000000000000000010100000000000000000000
001100000000000001000000000100001000001000100000000000000001000000000001010000000000000000001101110000110010100000000000
001010000000000000000000000011000011110101100000000000010000011001100010100000000000010000001111100000110111000000000000
000010001100001000000000000110100001101101000000000000010001000010000010010010000000011100011000000000111010000000000000
011100001000001000000001000110001000000101000000001000000001011100010000010001000000001100001100000000000000000000000000
000000001010000100000001000010001000000000000001001000000101101000001000010010000000000000001100000000000000000000000000
100100000000000000000001000001101001101100000010001110000101000100001000000000000000000100001111100100010000000000000000
010000000101001110000000000000001001101100000001100100001110000000000000000000000000000110001001111101001000000000000000
000110011101011101100000000000000100000010000100001000011000000100010100000010100001010110010000101101000100000000000000
000111101000011101100000000000001101100011100001001000001000000000000100000010000001000000010010011011001010000000000000
001011100100011101110000000000000000010001110000000000110000000010010000000111001001001000001100000100000001000000000000
001100010000011101100000000000000101110011011010011110000000000001110000011110111000000000000000000100010000000000011000
010001010100001100000000000000000100000011101010100100000000000000000001011001010000000000011110000000010010000000010100
001110110001100000000000000000000000110011100110100000000000000000000110010001100000000000111000010100000100000000010100
000010000000000100000000000000000000000100111100000100000000000000000010111000010000000001000000001100001000000000000110
000001100000100100000000000000000000000000011000001000000000000000000011011000100011000000110000000000000000000000000000
000000000000010000000000000000000000000101000000000010000000000000000000100000000011000000011111111100000000000000000000
